0 0.3842200000003016 0.44828000000036566 0.1674999999993328
1 0.1932200000001106 0.5834800000005008 0.22329999999938854
2 0.2354960000001529 0.4744360000003918 0.29006799999945526
3 0.311656000000229 0.45195200000036934 0.23639199999940158
4 0.2640480000001814 0.5100920000004274 0.2258599999993911
5 0.2463120000001637 0.4979200000004153 0.25576799999942096
6 0.2760480000001934 0.47535600000039274 0.24859599999941379
7 0.27208800000018946 0.4893920000004068 0.2385199999994037
8 0.2604600000001778 0.494596000000412 0.24494399999941024
9 0.265656000000183 0.4865160000004039 0.24782799999941302
10 0.2692360000001866 0.48787200000040526 0.2428919999994082
11 0.263656000000181 0.4921080000004095 0.24423599999940943
12 0.2652120000001826 0.4897920000004072 0.2449959999994103
13 0.2663280000001837 0.48765600000040504 0.2460159999994112
14 0.2677120000001851 0.488624000000406 0.24366399999940885
15 0.2650560000001824 0.4909400000004083 0.2440039999994092
16 0.2658600000001832 0.4888360000004062 0.2453039999994106
17 0.26717600000018454 0.4888160000004062 0.2440079999994092
18 0.2660600000001834 0.4888400000004062 0.2450999999994104
19 0.26697600000018434 0.4897080000004071 0.2433159999994085
20 0.26477600000018214 0.49088000000040827 0.24434399999940953
21 0.26598400000018335 0.48737600000040476 0.24663999999941183
22 0.2684320000001858 0.4874400000004048 0.24412799999940932
23 0.26649200000018386 0.49004400000040743 0.24346399999940876
24 0.2661480000001835 0.48846000000040585 0.2453919999994107
25 0.26719600000018456 0.4887360000004061 0.24406799999940937
26 0.2658200000001832 0.4891320000004065 0.24504799999941035
27 0.2669360000001843 0.48996000000040735 0.2431039999994083
28 0.26460000000018197 0.4904040000004078 0.24499599999941019
29 0.26677200000018414 0.487596000000405 0.24563199999941093
30 0.26816400000018553 0.48728400000040467 0.24455199999940985
31 0.2668080000001842 0.4899920000004074 0.2431999999994084
32 0.26477600000018214 0.49065200000040804 0.24457199999940976
33 0.265624000000183 0.48854800000040594 0.24582799999941102
34 0.26757200000018494 0.48837200000040576 0.24405599999940936
35 0.26618000000018355 0.4892000000004066 0.24461999999940992
36 0.2662240000001836 0.4888000000004062 0.24497599999941017
37 0.26647200000018384 0.48898400000040637 0.24454399999940973
38 0.2662280000001836 0.4893200000004067 0.24445199999940975
39 0.26687600000018424 0.48846400000040585 0.24465999999940996
40 0.2661120000001835 0.48966400000040705 0.2442239999994094
41 0.26579600000018316 0.4898920000004073 0.2443119999994096
42 0.26666800000018404 0.4883000000004057 0.24503199999941033
43 0.2672200000001846 0.4887880000004062 0.2439919999994093
44 0.2659440000001833 0.4895280000004069 0.24452799999940972
45 0.2663600000001837 0.4882040000004056 0.24543599999941063
46 0.26739600000018476 0.48865600000040604 0.24394799999940925
47 0.26580000000018317 0.49018000000040757 0.2440199999994092
48 0.26598800000018336 0.4894160000004068 0.2445959999994099
49 0.26588000000018325 0.488640000000406 0.24547999999941067
50 0.2672160000001846 0.4890960000004065 0.24368799999940888
51 0.2657120000001831 0.4898040000004072 0.24448399999940967
52 0.2659600000001833 0.48976400000040715 0.24427599999940947
53 0.2650320000001824 0.4901920000004076 0.24477599999940997
54 0.26670400000018407 0.4890280000004064 0.24426799999940946
55 0.26588800000018326 0.4898200000004072 0.24429199999940948
56 0.2663440000001837 0.48786400000040525 0.24579199999941098
57 0.2674480000001848 0.4887040000004061 0.24384799999940904
58 0.2651400000001825 0.49134800000040874 0.2435119999994088
59 0.26479200000018216 0.4909120000004083 0.24429599999940949
60 0.265624000000183 0.4887240000004061 0.24565199999941084
61 0.2670320000001844 0.48777200000040516 0.24519599999941039
62 0.26767200000018504 0.4878960000004053 0.24443199999940962
63 0.2663120000001837 0.4893160000004067 0.24437199999940956
64 0.26556400000018293 0.4902280000004076 0.2442079999994095
65 0.2648120000001822 0.4899320000004073 0.24525599999941056
66 0.2663240000001837 0.4899280000004073 0.24374799999940905
67 0.26538800000018276 0.4896960000004071 0.24491599999941022
68 0.2665600000001839 0.488620000000406 0.24481999999941
69 0.2662600000001836 0.4887400000004061 0.2449999999994103
70 0.26656400000018393 0.4881040000004055 0.24533199999941063
71 0.2670600000001844 0.4898280000004072 0.2431119999994084
72 0.2644280000001818 0.4898960000004073 0.24567599999941098
73 0.2669200000001843 0.48935600000040674 0.2437239999994089
74 0.2653080000001827 0.49096400000040835 0.24372799999940903
75 0.265632000000183 0.48834400000040573 0.2460239999994112
76 0.26758400000018495 0.487596000000405 0.24481999999941
77 0.2670120000001844 0.4893960000004068 0.2435919999994089
78 0.26549600000018286 0.48956000000040695 0.24494399999941013
79 0.2667320000001841 0.4880160000004054 0.24525199999941055
80 0.26677600000018414 0.4904080000004078 0.242815999999408
81 0.2644320000001818 0.49028400000040767 0.24528399999941047
82 0.26640400000018377 0.4895120000004069 0.24408399999940938
83 0.26518400000018255 0.4893400000004067 0.24547599999941067
84 0.2671600000001845 0.4881160000004055 0.2447239999994099
85 0.26668400000018405 0.4885400000004059 0.24477599999941008
86 0.2668560000001842 0.4881160000004055 0.24502799999941022
87 0.2665560000001839 0.4884280000004058 0.24501599999941032
88 0.266656000000184 0.48887200000040626 0.24447199999940966
89 0.2661600000001835 0.48957200000040696 0.24426799999940946
90 0.26588000000018325 0.4889360000004063 0.24518399999941037
91 0.26650400000018387 0.48837600000040576 0.2451199999994103
92 0.2670480000001844 0.4867200000004041 0.24623199999941142
93 0.26797600000018534 0.48956800000040696 0.24245599999940765
94 0.2642240000001816 0.4905400000004079 0.24523599999941043
95 0.2665120000001839 0.48826000000040565 0.24522799999941042
96 0.2667600000001841 0.48895200000040634 0.24428799999940948
97 0.265624000000183 0.48836000000040575 0.2460159999994112
98 0.2674160000001848 0.4884240000004058 0.24415999999940935
99 0.26527600000018264 0.4902920000004077 0.24443199999940973
100 0.2662200000001836 0.48797200000040536 0.2458079999994111
101 0.26758400000018495 0.4883000000004057 0.2441159999994093
102 0.26567200000018304 0.49016000000040755 0.24416799999940936
103 0.26588400000018325 0.4886960000004061 0.24541999999941072
104 0.26707600000018444 0.487636000000405 0.2452879999994106
105 0.2669560000001843 0.4883960000004058 0.24464799999940995
106 0.26638800000018376 0.4881320000004055 0.24547999999941078
107 0.2674600000001848 0.4892280000004066 0.2433119999994086
108 0.2650520000001824 0.4914320000004088 0.24351599999940882
109 0.26450000000018187 0.49068400000040807 0.24481599999941012
110 0.2668080000001842 0.4882960000004057 0.24489599999941009
111 0.26659200000018396 0.48828400000040567 0.2451239999994103
112 0.26689600000018426 0.48817200000040556 0.24493199999941012
113 0.2669360000001843 0.48924400000040663 0.243819999999409
114 0.26508000000018245 0.4900400000004074 0.24487999999941007
115 0.26648400000018385 0.48925200000040664 0.24426399999940956
116 0.26586800000018324 0.4904040000004078 0.24372799999940903
117 0.26508000000018245 0.489604000000407 0.2453159999994105
118 0.26737600000018474 0.48796400000040535 0.24465999999940985
119 0.26648400000018385 0.48974800000040714 0.24376799999940907
120 0.265628000000183 0.48946000000040685 0.2449119999994102
121 0.26648800000018386 0.4897280000004071 0.24378399999940897
122 0.26578000000018315 0.48917200000040656 0.24504799999941035
123 0.26679200000018416 0.48764400000040503 0.24556399999941075
124 0.26747200000018484 0.48887200000040626 0.24365599999940885
125 0.2649240000001823 0.4910920000004085 0.24398399999940928
126 0.2658080000001832 0.48847200000040586 0.2457199999994109
127 0.2671440000001845 0.48798400000040537 0.24487199999941006
128 0.26608800000018346 0.4899400000004073 0.24397199999940916
129 0.265644000000183 0.4884400000004058 0.24591599999941122
130 0.2680480000001854 0.4869400000004043 0.2450119999994102
131 0.26728000000018465 0.48995200000040734 0.24276799999940796
132 0.2642520000001816 0.4906920000004081 0.24505599999941036
133 0.2664600